1
QQ
10000
123456
Dick
2005
1999 9 9
China


1
WeChat
20000
123456
Amy
2008
1998 9 2
China
20001 Ben20001 20002 Kenny20002 
1001 1002 1003 1004 1005 1006 
1
Weibo
30000
123456
John
2007
1959 2 5
Japan

1000 
2
WeChat
20001
123456
Ben
2004
1991 4 9
Korea
20000 Amy20000 20002 Kenny20002 
1001 1002 1003 1004 1005 1006 
2
QQ
10001
123456
John
2007
1959 2 5
Japan


2
Weibo
30001
123456
John
2007
1959 2 5
Japan

1000 
3
Weibo
30002
123456
Kenny
2004
1988 5 4
Australia

1000 
3
QQ
10002
123456
Kenny
2004
1988 5 4
Australia

1000 
3
WeChat
20002
123456
Kenny
2004
1988 5 4
Australia
20000 Amy20000 20001 Ben20001 
1001 1002 1003 1004 1005 1006 
4
WeChat
20003
123456
Lucy
2008
1998 9 2
China


